2006500292712
2006500118045
2006500294510
2008500120033
2008500291247
2004500957466
2006500033290
2010005021032
2004500953929
2004500973002
2004500896208
2008500183904
2008500327038
2008500083587
2007500164304
2007500171153
2006500243390
2008500301230
2004500821170
2006500127717
2006500199590
2006500218325
2006500134430
2008500080461
2006500363568
2006500022247
2006500273463
2006500478752
2006500435610
2006500168523
2006500491113
2006500096127
2004500773590
2007500151760
2006500393011
2004500757909
2006500403808
2004500909487
2006500217421
2006500470952
2006500184642
2006500195514
2007500133290
2006500451577
2008500221077
2008500113608
2007500119957
2008500169236
2006500436330
2008500234471
2004500554038
2008500161090
2006500489783
2008500125119
2007500151623
2004500901850
2006500178362
2006500137383
2007500071840
2006500113637
2006500340392
2006500054989
2006500106464
2006500484559
2006500293443
2008500170681
2006500217085
2006500091100
2007500175874
2004500995868
2004500861255
2004500257340
2006500043589
2004500707018
2007500153960
2006500493379
2004500731709
2006500384235
2006500296558
2007500097051
2007500127585
2007500121756
2006500380732
2004500886676
2006500440111
2006500169977
2006500044265
2008500156175
2004500954823
2008500110238
2006500033739
2004500877166
2006500001547
2007500116956
2004500860959
2006500300310
2006500222896
2004500499805
2008500301137
2006500482315
2006500364864
2006500067671
2008500219670
2006500018189
2006500334850
2008500147746
2007500134806
2006500234455
2004500978122
2007500126924
2007500121169
2004500970687
2006500319934
2009500065818
2007500140832
2008500076152
2006500238604
2006500301661
2007500093260
2006500333015
2006500117543
2010500360706
2008500141478
2007500123060
2007500140625
2006500164949
2008500307405
2007500171119
2008500154953
2006500029590
2006500469345
2008500241183
2008500084850
2006500053616
2007500101776
2006500336304
2006500393550
2006500094651
2004500734836
2007500110091
2007500106977
2006500207316
2004500759936
2006500455531
2006500235669
2004500955912
2007500167109
2008802656438
2008500250903
2006500374843
2006500441749
2008500460324
2006500244515
2006500101517
2006500404263
2008500220265
2006500017702
2006500449549
2006500389104
2008500230532
2006500230642
2006500459171
2004500967179
2006500466746
2004500985340
2004500709148
2006500206401
2006500061370
2008500161551
2007500177247
2007500081003
2006500117026
2006500028098
2004500707465
2004500551716
2006500466425
2007500119603
2004500516474
2008500228191
2007500098944
2006500126396
2006500107449
2006500279708
2008500042221
2004500571372
2004500824632
2006500373592
2007500097855
2004500896703
2004500561005
2004500859320
2008500397688
2006500140743
2006500045402
2004500900691
2008500076406
2007500173467
2006500362170
2006500167283
2008500119367
2008500152384
2006500244951
2004500772618
2006500356166
2006500257654
2004500985683
2008500234297
2004500835663
2006500244135
2006500104769
2008500210297
2008500237726
2004500959677
2007500149961
2006500411920
2007500124540
2004500596542
2006500143412
2006500486379
2004500455205
2006500289396
2006500215210
2006500181331
2006500083723
2007500147015
2010052003326
2007500113379
2004500792182
2007500109130
2006500468809
2007500125879
2006500302945
2008500147975
2004500911965
2004500927544
2008500228984
2010500349028
2009500122377
2004500676196
2006500128747
2007500089283
2004500643985
2014052000909
2008500150483
2004500222881
2008500142202
2006500382585
2008500306213
2004500875793
2004500490525
2006500341355
2008500186617
2006500329979
2004500976988
2004500515514
2007500126843
2008500132131
2006500121531
2008500328208
2008500040641
2009500048275
2009052009157
2007500104928
2008500267534
2008500079980
2006500228913
2006500241824
2007500107620
2007500073040
2007500127323
2006500090631
2006500491629
2006500227101
2007500129590
2006500293225
2008500158445
2008500161584
2006500386550
2006500404919
2007500084750
2006500335802
2004500155527
2004500752281
2007500076731
2007500094430
2004500834138
2006500341078
2006500216583
2004500876239
2007500109680
2008500157541
2004500925001
2006500430763
2004500742637
2006500210112
2007500113977
2007500142412
2004500870215
2006500386387
2006500352711
2008500155570
2008500108484
2006500492109
2006500237238
2004500995950
2006500056042
2006500035386
2004500520107
2008500261565
2006500068483
2006500016761
2008500186341
2004500781922
2004500368123
2012500064341
2006500167102
2006500172245
2008500242157
2006500163894
2004500555954
2006500014619
2004500774793
2006500136342
2004500762042
2008500093474
2006500290833
2007500042327
2006500460593
2006500379192
2007500172817
2006500328123
2006500182534
2006500216594
2007500163134
2007500100528
2007500098210
2006500334322
2006500235935
2008500126862
2007500075963
2008500241840
2007500125673
2004500976542
2004500939479
2004500760141
2007500117894
2004500877018
2008500184369
2004500895326
2004500651236
2006500381511
2006500480724
2006500174700
2007500101145
2007500149307
2008500047167
2006500027079
2006500409936
2006500460135
2006500481075
2008500134386
2006500233654
2007500175689
2006500116096
2004500217210
2006500331745
2008500118809
2007500163824
2004500905010
2007500134840
2004500952586
2009500020381
2006500184295
2006500257687
2008500394160
2008500212785
2008500146901
2004500550959
2004500954797
2006500220788
2006500481123
2006500177413
2006500472370
2006500257540
2004500918702
2008500113491
2007500106210
2009500028365
2004500548460
2006500213308
2009800738919
2007500099572
2008500239568
2008500158401
2004500770452
2004500886551
2006500168349
2004500632758
2007500107701
2006500293487
2004500866582
2004500935253
2006500218587
2006500039007
2006500402373
2004500672523
2004500500909
2006500475739
2004500966138
2006500316999
2006500048805
2007500116082
2007500102027
2006500326853
2004500316799
2004500794359
2008500146554
2004500959356
2008500123894
2006500178557
2004500594803
2008500135615
2004500977859
2007500093525
2006500169944
2006500333875
2008500151387
2004500716702
2004500991479
2006500166242
2004500747964
2006500403233
2006500121977
2008500224252
2006500441118
2006500209712
2006500036442
2006500437979
2006500183900
2006500402764
2006500134119
2008500086599
2006500111529
2008500292417
2008500011427
2006500408308
2006500378081
2008500153406
2006500470963
2008500228825
2006500137981
2004500653850
2004500664065
2007500167660
2007500185613
2006500013793
2007500073109
2004500959253
2008500146462
2006500117923
2006500333314
2007500041881
2004500730296
2004500460957
2004500937176
2008500241079
2013800606826
2006500349786
2004500194719
2008500229121
2007500134116
2006500065323
2008500183823
2004500648979
2006500250426
2006500312382
2004500899944
2004500826360
2007500020756
2008500019559
2008500291801
2007500141297
2006500224292
2008500052897
2007500192978
2004500976841
2006500256381
2008500119677
2008500236383
2009005018124
2004500712128
2008500144240
2004500920556
2008500159143
2008500093739
2006500329326
2008500167036
2010500359742
2006500362387
2004500765711
2004500867062
2006500156997
2004500498082
2004500863570
2008500130942
2006500051715
2004500775653
2006500046959
2007500176952
2006500011973
2004500038372
2008500126541
2008500022148
2008500288843
2006500138232
2008500168295
2006500001101
2004500728822
2004500156971
2006500390478
2008005003707
2004500381078
2006500219687
2004500106714
2007500123196
2008500234622
2006500113899
2006500305625
2006500395141
2004500482436
2004500897870
2006500247000
2004500996898
2004500166422
2006500351895
2007500116749
2008500303670
2007500031503
2003500059950
2006500465141
2004500637823
2004500510782
2007500093581
2004500834895
2006500173493
2006500174537
2006500446456
2015005010110
2006500444360
2004500969667
2006500047255
2008500128028
2006500077074
2004500413953
2008500241518
2008500224470
2006500313415
2004500919341
2006500179842
2008500242168
2006500532427
2006500094721
2004500657076
2007500141312
2007500088781
2006500011272
2004500986495
2006500287831
2008500165249
2007500170879
2006500103290
2007500084576
2004500526785
2004500629701
2006500209723
2006500436868
2007500119050
2006500176678
2004500694471
2004500516500
2004500668384
2004500963148
2004500320695
2006500485040
2004500780682
2006500472864
2004500790557
2006500361612
2004500861266
2004500475746
2006500051900
2008500169742
2006500066191
2004500692639
2006500020265
2008500165216
2006500253449
2007500101905
2004500774346
2004500874903
2008500084757
2006500452149
2004500643309
2004500926857
2008500118717
2004500781977
2006500075298
2006500468588
2006500278860
2004500739864
2007500099088
2006500241581
2006500048481
2009034008255
2004500124642
2006500427473
2006500206353
2004500971204
2004500794485
2004500914553
2007500027515
2022802182955
2007500090052
2004500732485
2006500227097
2006500297854
2006500347586
2009500096922
2006500022568
2007500165655
2004500649507
2007500089250
2004500935998
2008500299324
2004500909708
2004500760990
2004500670390
2004500897799
2004500956034
2004500741559
2004500204746
2004500955288
2006500288791
2006500213180
2008500156337
2007500127149
2006500170296
2006500236002
2004500537668
2006500039856
2004500779178
2004500681077
2004500776661
2006500377316
2006500213607
2004500860236
2006500038985
2006500256624
2006500135264
2006500394166
2006500493634
2006500166264
2006500300251
2007500175520
2006500177882
2007500118592
2006500371048
2006500467097
2004500912401
2008500235113
2006500372849
2006500193819
2004500206496
2004500605767
2004500428948
2006500257986
2008500114845
2006500163274
2006500060904
2004500553020
2006500469611
2004500628830
2006500194975
2006500119189
2006500227547
2004500685802
2004500585131
2004500988927
2006500084993
2008500136427
2008500124396
2004500908664
2008500186318
2005049001106
2004500948336
2006500345320
2006500255351
2004500867372
2006500176715
2004500316766
2004500759648
2004500729944
2004500648119
2004500690543
2006500212219
2004500789733
2006500347335
2008500115462
2006500026784
2004500736900
2007500125721
2006500220560
2008500227079
2004500488335
2007500123509
2004500817908
2004500965164
2006500470398
2006500297289
2004500515950
2004500264432
2006500301719
2004500651432
2004500822960
2006500380570
2006500461224
2008500240463
2008500123584
2004500387977
2004500932528
2006500266854
2004500796766
2007500180076
2004500789124
2004500817285
2006500465082
2006500130373
2008500101588
2006500470860
2004500835847
2004500764806
2006500205024
2004500943674
2006500246520
2006500003080
2004500950722
2006500290420
2008500237346
2004500089651
2006500296721
2006500114357
2006500208173
2004500690897
2006500440971
2004500369773
2006500306873
2004500870411
2006500362859
2004500244304
2004500905869
2004500697829
2004500078343
2004500952391
2006500039513
2009500028446
2013005014907
2006500151213
2006500353925
2008500147610
2006500359868
2006500014354
2006500277689
2004500916867
2004500552687
2004500243189
2006500381290
2004500721465
2008500234932
2006500311765
2004500886894
2006500179347
2006500231373
2004500403583
2008500096040
2004500723816
2004500687552
2006500227503
2004500923443
2007500184993
2004500705313
2004500697106
2007500072984
2008500162156
2004500731363
2004500063897
2006500400988
2008500011276
2004500840201
2004500591020
2004500765032
2006500110876
2009500228648
2007500084048
2004500812822
2006500474075
2006500247789
2007500093673
2006500223398
2008500154056
2006500420223
2007500107974
2008500170670
2008500135877
2006500312636
2004500763197
2004500415647
2004500903898
2006500483264
2008500234105
2008500099786
2006500141603
2008500208225
2006500489130
2006500169298
2006500359042
2004500631164
2004500996234
2008500325919
2006500299652
2007500183549
2004500800908
2004500955808
2006500067578
2006500170377
2004500759257
2008500137550
2006500297016
2004500671629
2006500329566
2007500182704
2004500898992
2004500863134
2004500742589
2004500650583
2004500827231
2004500964215
2004500591260
2018500531919
2004500797017
2004500116195
2014500440417
2004500209800
2004500908457
2004500331796
2004500934843
2004500193963
2004500866869
2004500615849
2007500106368
2007500106966
2004500369669
2006500078613
2006500317424
2006500153941
2004500644971
2004500569517
2006500479210
2007500095703
2008500355521
2006500220065
2006500050497
2006500140293
2007500118536
2004500155066
2006500474499
2004500940581
2006500123524
2007500122421
2004500898693
2004500860649
2007500181992
2008500220324
2006500023749
2004500779042
2004500854509
2004500619434
2006500379022
2004500780110
2008500163485
2006500284863
2004500456925
2004500189816
2006500240252
